10 Reserve top-0
20 For i=0 to 7447
30 Read a:poke 0+i,a
40 next i
50 ?"type CALL TOP to run your code."
100 END
10000 DATA 0,0,243,49,0,240,195,215,0,65
10010 DATA 84,76,65,83,32,66,79,79,84,76
10020 DATA 79,65,68,69,82,32,86,101,114,115
10030 DATA 105,111,110,32,48,46,49,50,10,13
10040 DATA 67,68,101,115,112,32,50,48,50,50
10050 DATA 45,50,54,10,13,0,195,138,8,0
10060 DATA 1,10,11,4,5,6,7,62,7,211
10070 DATA 104,61,194,69,0,201,33,1,240,175
10080 DATA 119,35,124,181,32,249,201,0,33,139
10090 DATA 240,203,134,203,206,33,144,7,1,184
10100 DATA 11,17,0,64,205,141,13,48,28,205
10110 DATA 138,8,69,82,82,79,82,32,76,79
10120 DATA 65,68,73,78,71,32,67,72,65,82
10130 DATA 83,69,84,13,10,0,118,205,152,15
10140 DATA 205,208,0,86,71,65,32,73,78,73
10150 DATA 84,73,65,76,73,90,69,68,10,13
10160 DATA 0,201,245,209,58,139,240,230,2,200
10170 DATA 213,241,245,205,113,8,241,205,154,16
10180 DATA 201,229,197,205,162,0,193,225,201,126
10190 DATA 254,0,200,229,205,162,0,225,35,24
10200 DATA 244,225,205,138,8,35,229,201,225,205
10210 DATA 189,0,35,229,201,0,14,0,175,6
10220 DATA 0,60,6,32,237,121,62,10,6,64
10230 DATA 237,121,62,11,6,96,237,121,62,4
10240 DATA 6,128,237,121,60,6,160,237,121,60
10250 DATA 6,192,237,121,60,6,224,237,121,205
10260 DATA 76,0,205,33,8,33,59,0,17,29
10270 DATA 240,1,8,0,237,176,243,62,6,205
10280 DATA 157,10,40,34,205,201,0,69,82,82
10290 DATA 79,82,32,73,78,73,84,73,76,73
10300 DATA 65,90,73,78,71,32,67,72,51,55
10310 DATA 54,83,10,13,0,195,154,7,205,201
10320 DATA 0,83,84,79,82,65,71,69,32,68
10330 DATA 69,86,73,67,69,32,79,75,10,13
10340 DATA 0,62,6,205,249,10,40,33,205,201
10350 DATA 0,69,82,82,79,82,32,77,79,85
10360 DATA 78,84,73,78,71,32,84,72,69,32
10370 DATA 68,82,73,86,69,10,13,0,195,154
10380 DATA 7,205,239,11,205,224,8,205,87,0
10390 DATA 205,183,15,62,2,205,39,18,205,143
10400 DATA 16,205,208,0,85,83,66,32,83,84
10410 DATA 79,82,65,71,69,32,79,75,10,13
10420 DATA 0,62,1,205,88,8,205,208,0,83
10430 DATA 69,82,73,65,76,32,73,78,73,84
10440 DATA 73,65,76,73,90,69,68,10,13,0
10450 DATA 205,220,22,205,208,0,80,83,47,50
10460 DATA 32,75,69,89,66,79,65,82,68,32
10470 DATA 73,78,73,84,73,65,76,73,90,69
10480 DATA 68,10,13,10,13,0,33,9,0,205
10490 DATA 189,0,33,134,7,1,160,15,17,139
10500 DATA 241,205,141,13,48,36,205,208,0,69
10510 DATA 82,82,79,82,32,76,79,65,68,73
10520 DATA 78,71,32,66,79,79,84,46,73,78
10530 DATA 73,32,70,73,76,69,13,10,0,195
10540 DATA 154,7,237,67,27,240,33,139,241,9
10550 DATA 35,54,0,33,139,241,205,48,7,83
10560 DATA 89,83,84,69,77,83,0,48,34,205
10570 DATA 138,8,69,82,82,79,82,32,91,83
10580 DATA 89,83,84,69,77,83,93,46,78,79
10590 DATA 84,46,70,79,85,78,68,13,10,0
10600 DATA 195,154,7,17,195,240,6,0,205,29
10610 DATA 6,35,19,4,126,254,10,32,1,35
10620 DATA 126,254,91,32,239,43,124,50,191,240
10630 DATA 125,50,192,240,120,33,193,240,119,62
10640 DATA 2,35,119,24,52,6,20,62,129,205
10650 DATA 181,0,16,249,201,197,62,241,205,39
10660 DATA 18,62,143,205,181,0,205,133,2,62
10670 DATA 142,205,181,0,193,201,197,62,241,205
10680 DATA 39,18,62,141,205,181,0,205,133,2
10690 DATA 62,140,205,181,0,193,201,6,0,62
10700 DATA 7,50,143,240,62,9,50,142,240,205
10710 DATA 143,2,62,8,50,143,240,33,195,240
10720 DATA 62,9,50,142,240,62,241,205,39,18
10730 DATA 62,130,205,181,0,62,241,205,39,18
10740 DATA 58,194,240,184,32,5,62,177,205,39
10750 DATA 18,197,229,205,189,0,209,229,175,237
10760 DATA 82,125,254,20,40,8,62,32,205,181
10770 DATA 0,44,24,243,62,241,205,39,18,62
10780 DATA 130,205,181,0,225,193,58,143,240,60
10790 DATA 50,143,240,35,4,58,193,240,184,32
10800 DATA 175,62,9,50,142,240,205,164,2,205
10810 DATA 111,7,254,0,40,249,254,11,32,12
10820 DATA 58,194,240,254,0,40,25,61,50,194
10830 DATA 240,175,254,10,32,16,58,193,240,61
10840 DATA 79,58,194,240,185,40,5,60,50,194
10850 DATA 240,175,254,13,194,185,2,58,194,240
10860 DATA 183,202,154,7,61,50,194,240,62,1
10870 DATA 211,225,58,191,240,103,58,192,240,111
10880 DATA 205,48,7,82,79,77,83,0,48,31
10890 DATA 205,208,0,69,82,82,79,82,32,91
10900 DATA 82,79,77,83,93,46,78,79,84,46
10910 DATA 70,79,85,78,68,13,10,0,195,154
10920 DATA 7,6,255,4,17,195,240,205,29,6
10930 DATA 35,35,58,194,240,184,32,241,33,195
10940 DATA 240,43,62,92,119,1,160,15,17,139
10950 DATA 241,205,141,13,48,38,205,138,8,69
10960 DATA 82,82,79,82,32,76,79,65,68,73
10970 DATA 78,71,32,83,89,83,84,69,77,32
10980 DATA 73,78,73,32,70,73,76,69,13,10
10990 DATA 0,195,154,7,237,67,27,240,33,139
11000 DATA 241,9,35,54,0,33,139,241,205,48
11010 DATA 7,80,65,71,69,83,0,48,32,205
11020 DATA 138,8,69,82,82,79,82,32,91,80
11030 DATA 65,71,69,83,93,46,78,79,84,46
11040 DATA 70,79,85,78,68,13,10,0,195,154
11050 DATA 7,205,181,6,33,139,241,205,48,7
11060 DATA 70,73,76,69,83,0,48,32,205,138
11070 DATA 8,69,82,82,79,82,32,91,70,73
11080 DATA 76,69,83,93,46,78,79,84,46,70
11090 DATA 79,85,78,68,13,10,0,195,154,7
11100 DATA 205,50,6,33,139,241,205,48,7,66
11110 DATA 65,78,75,83,0,48,32,205,138,8
11120 DATA 69,82,82,79,82,32,91,66,65,78
11130 DATA 75,83,93,46,78,79,84,46,70,79
11140 DATA 85,78,68,13,10,0,195,154,7,205
11150 DATA 210,5,205,138,8,66,65,78,75,83
11160 DATA 32,83,65,86,69,68,13,10,0,33
11170 DATA 139,241,205,48,7,69,88,69,67,66
11180 DATA 78,75,0,48,34,205,138,8,69,82
11190 DATA 82,79,82,32,91,69,88,69,67,66
11200 DATA 78,75,93,46,78,79,84,46,70,79
11210 DATA 85,78,68,13,10,0,195,154,7,205
11220 DATA 254,5,205,138,8,42,42,42,42,42
11230 DATA 42,42,42,42,42,42,42,42,42,42
11240 DATA 42,42,42,42,42,42,42,42,42,42
11250 DATA 42,42,42,42,42,42,42,42,42,42
11260 DATA 13,10,69,88,69,67,85,84,73,78
11270 DATA 71,46,46,46,13,10,0,14,6,33
11280 DATA 1,240,6,0,9,65,126,205,92,5
11290 DATA 13,32,242,49,0,112,33,1,240,126
11300 DATA 95,213,205,138,8,69,88,69,67,32
11310 DATA 66,65,78,75,61,0,58,9,240,205
11320 DATA 245,6,245,33,8,240,126,6,7,205
11330 DATA 131,5,17,0,96,33,120,5,1,29
11340 DATA 0,237,176,225,175,203,36,203,36,203
11350 DATA 36,203,36,203,36,46,0,17,1,96
11360 DATA 125,18,19,124,18,209,123,6,0,195
11370 DATA 0,96,33,29,240,22,0,88,25,119
11380 DATA 205,131,5,197,245,205,245,6,62,62
11390 DATA 205,113,8,120,205,245,6,241,193,201
11400 DATA 33,0,0,205,11,96,62,1,211,99
11410 DATA 233,197,14,0,203,32,203,32,203,32
11420 DATA 203,32,203,32,237,121,193,201,0,92
11430 DATA 69,80,82,77,46,66,73,78,0,92
11440 DATA 69,80,82,77,50,46,66,73,78,0
11450 DATA 92,69,80,82,77,51,46,66,73,78
11460 DATA 0,92,0,229,33,149,5,209,205,204
11470 DATA 14,201,229,33,159,5,209,205,204,14
11480 DATA 201,229,33,170,5,209,205,204,14,201
11490 DATA 205,138,8,91,66,65,78,75,83,93
11500 DATA 13,10,0,17,1,240,6,8,197,213
11510 DATA 205,149,6,205,82,7,229,33,10,240
11520 DATA 205,60,27,225,209,205,245,6,18,19
11530 DATA 193,16,231,201,205,138,8,91,69,88
11540 DATA 69,67,93,13,10,0,205,149,6,33
11550 DATA 10,240,205,60,27,205,245,6,50,9
11560 DATA 240,201,17,13,240,126,254,13,40,13
11570 DATA 254,10,40,9,254,0,40,5,18,19
11580 DATA 35,24,238,175,18,201,205,138,8,91
11590 DATA 70,73,76,69,83,93,13,10,0,6
11600 DATA 1,205,26,6,33,13,240,1,0,128
11610 DATA 17,0,32,205,141,13,48,27,205,138
11620 DATA 8,69,82,82,79,82,32,76,79,65
11630 DATA 68,73,78,71,32,79,83,70,73,76
11640 DATA 69,13,10,0,201,205,138,8,79,83
11650 DATA 32,70,73,76,69,32,76,79,65,68
11660 DATA 69,68,33,33,33,13,10,0,33,60
11670 DATA 0,6,1,14,4,126,205,131,5,35
11680 DATA 4,13,32,247,201,17,10,240,126,254
11690 DATA 44,40,21,254,61,40,17,254,0,40
11700 DATA 13,254,13,40,9,254,10,40,5,18
11710 DATA 19,35,24,230,175,18,201,205,138,8
11720 DATA 91,80,65,71,69,83,93,13,10,0
11730 DATA 6,1,205,149,6,229,197,33,10,240
11740 DATA 205,128,8,62,45,205,113,8,33,10
11750 DATA 240,205,60,27,193,205,131,5,4,197
11760 DATA 205,235,27,193,225,126,254,44,35,40
11770 DATA 217,201,126,184,200,254,0,200,35,24
11780 DATA 247,245,229,197,213,205,235,27,209,193
11790 DATA 225,241,201,245,229,197,213,205,113,8
11800 DATA 245,62,61,205,113,8,241,205,235,27
11810 DATA 209,193,225,241,201,26,254,0,40,9
11820 DATA 71,126,184,32,6,19,35,24,242,175
11830 DATA 201,55,201,26,19,254,0,200,24,249
11840 DATA 209,213,205,89,7,48,16,209,126,254
11850 DATA 0,40,4,35,213,24,239,205,41,7
11860 DATA 213,55,201,35,205,82,7,209,205,41
11870 DATA 7,213,175,201,126,254,31,208,35,24
11880 DATA 249,6,91,205,236,6,183,40,12,35
11890 DATA 205,23,7,216,126,254,93,32,2,175
11900 DATA 201,55,201,175,205,216,8,40,4,205
11910 DATA 168,8,201,205,206,22,32,241,205,194
11920 DATA 22,183,202,111,7,201,92,66,79,79
11930 DATA 84,46,73,78,73,0,92,70,79,78
11940 DATA 84,46,67,72,82,0,33,254,7,205
11950 DATA 128,8,205,168,8,254,85,204,190,7
11960 DATA 254,88,202,181,7,254,74,204,227,7
11970 DATA 195,154,7,17,140,241,26,111,19,26
11980 DATA 103,233,205,168,8,111,205,168,8,103
11990 DATA 205,168,8,79,205,168,8,71,17,140
12000 DATA 241,125,18,19,124,18,229,205,168,8
12010 DATA 119,35,11,120,177,32,246,225,201,205
12020 DATA 168,8,111,205,168,8,103,205,168,8
12030 DATA 79,205,168,8,71,126,205,113,8,35
12040 DATA 11,120,177,32,246,201,85,58,85,80
12050 DATA 76,44,88,58,82,85,78,44,74,58
12060 DATA 68,79,87,78,76,10,13,0,126,183
12070 DATA 200,205,113,8,24,248,205,113,8,201
12080 DATA 0,33,29,240,6,8,175,119,60,35
12090 DATA 16,251,201,79,120,254,2,216,254,7
12100 DATA 200,33,29,240,22,0,95,25,121,119
12110 DATA 14,0,88,203,32,203,32,203,32,203
12120 DATA 32,203,32,237,121,67,201,33,29,240
12130 DATA 22,0,88,25,126,201,245,62,128,211
12140 DATA 35,241,211,32,62,0,211,33,62,3
12150 DATA 211,35,62,0,211,34,62,0,211,33
12160 DATA 201,205,119,8,211,32,201,245,219,37
12170 DATA 203,111,40,250,241,201,126,35,254,0
12180 DATA 200,205,113,8,24,246,229,197,213,245
12190 DATA 33,9,0,57,70,43,78,96,105,205
12200 DATA 128,8,241,209,68,77,33,5,0,57
12210 DATA 112,43,113,193,225,201,237,87,245,209
12220 DATA 243,62,1,211,36,205,207,8,175,211
12230 DATA 36,219,32,213,87,241,122,224,251,201
12240 DATA 62,1,211,36,219,37,203,71,40,3
12250 DATA 243,24,231,175,201,245,219,37,203,71
12260 DATA 40,250,241,201,219,37,203,71,201,245
12270 DATA 241,201,245,62,13,205,113,8,62,10
12280 DATA 205,113,8,241,201,245,229,197,219,37
12290 DATA 203,103,40,4,62,66,24,26,203,87
12300 DATA 40,4,62,80,24,18,203,95,40,4
12310 DATA 62,70,24,10,203,79,40,4,62,79
12320 DATA 24,2,62,78,33,45,240,119,193,225
12330 DATA 241,201,205,240,9,254,0,200,245,17
12340 DATA 49,240,71,205,240,9,18,19,16,249
12350 DATA 241,201,245,205,138,8,70,65,84,65
12360 DATA 76,32,69,82,82,79,82,58,0,241
12370 DATA 205,235,27,33,81,9,254,146,40,1
12380 DATA 201,205,128,8,201,80,65,82,84,73
12390 DATA 84,73,79,78,46,78,79,84,46,83
12400 DATA 85,80,80,79,82,84,69,68,33,33
12410 DATA 33,10,13,0,229,205,124,9,225,192
12420 DATA 216,175,205,155,9,254,20,201,175,1
12430 DATA 50,0,205,237,9,203,127,200,245,197
12440 DATA 6,4,205,142,25,193,241,11,95,120
12450 DATA 177,123,32,234,55,6,2,5,201,62
12460 DATA 34,205,221,9,205,240,9,201,1,196
12470 DATA 9,205,237,9,203,103,200,197,245,6
12480 DATA 10,205,142,25,241,193,11,95,120,177
12490 DATA 123,32,234,245,205,235,27,241,205,138
12500 DATA 8,42,42,42,67,77,68,32,84,73
12510 DATA 77,69,79,85,84,42,42,42,10,13
12520 DATA 0,6,2,5,201,211,49,24,2,211
12530 DATA 48,197,213,229,205,164,9,225,209,193
12540 DATA 201,219,49,201,219,48,201,62,1,205
12550 DATA 221,9,205,240,9,230,15,201,62,5
12560 DATA 205,221,9,62,6,205,221,9,62,87
12570 DATA 205,225,9,205,240,9,254,168,201,245
12580 DATA 62,21,205,221,9,241,205,225,9,6
12590 DATA 4,205,142,25,205,155,9,254,21,200
12600 DATA 245,205,138,8,69,82,82,58,32,83
12610 DATA 69,84,85,83,66,77,79,68,69,10
12620 DATA 13,0,241,205,235,27,201,62,48,205
12630 DATA 221,9,205,110,9,216,200,201,62,49
12640 DATA 205,221,9,205,110,9,201,6,10,197
12650 DATA 205,19,10,32,16,205,67,10,32,11
12660 DATA 62,49,205,221,9,205,110,9,193,200
12670 DATA 197,6,100,205,161,25,193,16,226,6
12680 DATA 2,5,245,205,138,8,69,82,82,58
12690 DATA 32,77,79,85,78,84,32,68,73,83
12700 DATA 75,10,13,0,241,201,126,205,225,9
12710 DATA 192,126,183,200,35,24,245,87,175,50
12720 DATA 190,240,205,254,9,32,6,122,205,19
12730 DATA 10,40,3,62,0,201,205,243,9,191
12740 DATA 62,128,50,190,240,201,58,190,240,203
12750 DATA 127,201,205,186,10,55,200,6,5,205
12760 DATA 67,10,40,6,48,28,16,247,175,201
12770 DATA 175,58,190,240,203,71,192,205,78,10
12780 DATA 32,12,58,190,240,203,199,50,190,240
12790 DATA 175,62,1,201,175,58,190,240,203,71
12800 DATA 200,203,135,50,190,240,62,2,201,195
12810 DATA 87,10,42,0,205,48,11,33,252,10
12820 DATA 205,173,11,200,62,39,205,221,9,205
12830 DATA 28,9,62,0,18,33,49,240,205,20
12840 DATA 8,62,13,205,28,8,62,51,205,221
12850 DATA 9,205,110,9,254,66,24,221,126,35
12860 DATA 183,200,24,250,229,213,197,33,142,241
12870 DATA 205,61,11,193,209,225,201,126,183,200
12880 DATA 229,205,173,11,225,216,55,62,150,200
12890 DATA 205,42,11,24,238,229,126,254,92,40
12900 DATA 14,254,47,40,10,254,46,32,45,254
12910 DATA 46,40,15,225,201,33,142,241,54,92
12920 DATA 35,54,0,35,54,0,225,201,33,142
12930 DATA 241,205,42,11,126,183,235,225,200,229
12940 DATA 235,68,77,205,42,11,126,183,32,247
12950 DATA 175,2,225,201,235,33,142,241,205,42
12960 DATA 11,126,183,32,249,235,126,18,35,19
12970 DATA 183,32,249,235,54,0,225,201,245,205
12980 DATA 20,8,62,10,205,28,8,241,201,229
12990 DATA 62,47,205,221,9,205,146,10,32,14
13000 DATA 62,50,205,221,9,205,110,9,225,254
13010 DATA 66,200,183,201,225,55,201,201,201,213
13020 DATA 17,0,0,205,212,11,209,201,62,57
13030 DATA 205,221,9,121,205,225,9,120,205,225
13040 DATA 9,123,205,225,9,122,205,225,9,205
13050 DATA 110,9,201,201,201,62,39,205,221,9
13060 DATA 205,28,9,245,214,8,71,241,33,57
13070 DATA 240,126,229,197,205,162,0,193,225,35
13080 DATA 16,245,205,224,8,62,63,205,221,9
13090 DATA 205,110,9,192,62,39,205,221,9,205
13100 DATA 28,9,221,33,49,240,221,229,221,86
13110 DATA 3,221,94,2,221,102,1,221,110,0
13120 DATA 205,98,26,33,158,240,205,242,26,205
13130 DATA 189,0,205,201,0,32,83,69,67,84
13140 DATA 79,82,83,10,13,0,221,225,221,229
13150 DATA 221,86,7,221,94,6,221,102,5,221
13160 DATA 110,4,205,98,26,33,158,240,205,242
13170 DATA 26,205,189,0,205,201,0,32,83,69
13180 DATA 67,84,79,82,83,32,70,82,69,69
13190 DATA 32,32,32,10,13,0,221,225,221,126
13200 DATA 8,61,40,8,61,40,24,61,40,40
13210 DATA 24,57,205,201,0,70,83,32,73,83
13220 DATA 32,70,65,84,45,49,50,10,13,0
13230 DATA 201,205,201,0,70,83,32,73,83,32
13240 DATA 70,65,84,45,49,54,10,13,0,201
13250 DATA 205,201,0,70,83,32,73,83,32,70
13260 DATA 65,84,45,51,50,10,13,0,201,205
13270 DATA 201,0,85,78,75,78,79,87,78,32
13280 DATA 70,83,10,13,0,221,126,8,201,245
13290 DATA 62,47,205,221,9,33,99,240,205,146
13300 DATA 10,40,30,241,205,201,0,69,82,82
13310 DATA 79,82,32,83,69,84,84,73,78,71
13320 DATA 32,70,73,76,69,78,65,77,69,10
13330 DATA 13,0,201,241,183,40,12,214,1,40
13340 DATA 8,214,1,40,4,62,52,24,2,62
13350 DATA 50,205,221,9,205,110,9,201,62,54
13360 DATA 205,221,9,62,1,205,225,9,205,110
13370 DATA 9,201,213,62,58,205,221,9,121,205
13380 DATA 225,9,120,205,225,9,47,47,209,33
13390 DATA 0,0,229,213,205,110,9,209,225,40
13400 DATA 28,254,29,32,28,62,39,205,221,9
13410 DATA 205,240,9,71,205,240,9,18,19,35
13420 DATA 16,248,62,59,205,221,9,24,219,68
13430 DATA 77,175,201,245,205,235,27,205,201,0
13440 DATA 69,82,82,79,82,32,82,69,65,68
13450 DATA 73,78,71,32,66,76,79,67,75,33
13460 DATA 33,33,32,0,241,6,2,5,201,213
13470 DATA 197,205,32,28,175,205,217,12,32,75
13480 DATA 193,209,205,44,13,40,32,205,235,27
13490 DATA 205,201,0,32,69,82,82,79,82,32
13500 DATA 82,69,65,68,73,78,71,32,70,73
13510 DATA 76,69,10,13,0,213,197,24,36,197
13520 DATA 205,94,26,33,158,240,205,242,26,205
13530 DATA 128,8,205,201,0,32,66,89,84,69
13540 DATA 83,32,82,69,65,68,10,13,0,205
13550 DATA 30,13,193,175,201,193,209,205,235,27
13560 DATA 205,201,0,45,45,62,69,82,82,79
13570 DATA 82,32,65,84,32,76,79,65,68,70
13580 DATA 73,76,69,10,13,0,33,99,240,205
13590 DATA 128,8,205,224,8,55,201,213,197,205
13600 DATA 32,28,175,205,217,12,32,50,193,205
13610 DATA 203,11,1,244,1,209,205,44,13,40
13620 DATA 30,205,235,27,205,201,0,32,69,82
13630 DATA 82,79,82,32,82,69,65,68,73,78
13640 DATA 71,32,70,73,76,69,10,13,0,24
13650 DATA 9,197,205,30,13,193,175,201,193,209
13660 DATA 205,235,27,205,201,0,45,45,62,69
13670 DATA 82,82,79,82,32,79,80,69,78,73
13680 DATA 78,71,32,70,73,76,69,10,13,0
13690 DATA 33,99,240,205,128,8,205,224,8,55
13700 DATA 201,213,62,60,205,221,9,121,205,225
13710 DATA 9,120,205,225,9,225,205,110,9,40
13720 DATA 27,254,30,32,25,62,45,205,221,9
13730 DATA 205,240,9,71,126,205,225,9,35,16
13740 DATA 249,62,61,205,221,9,24,224,183,201
13750 DATA 245,205,235,27,205,201,0,69,82,82
13760 DATA 79,82,32,87,82,73,84,73,78,71
13770 DATA 32,66,76,79,67,75,33,33,33,32
13780 DATA 13,10,0,241,6,2,5,201,213,197
13790 DATA 229,205,201,0,10,13,83,65,86,69
13800 DATA 32,70,73,76,69,10,13,10,13,0
13810 DATA 225,205,32,28,62,4,205,217,12,32
13820 DATA 78,205,201,0,10,13,70,73,76,69
13830 DATA 32,67,82,69,65,84,69,68,32,79
13840 DATA 75,10,13,0,193,209,205,117,14,40
13850 DATA 25,205,201,0,32,69,82,82,79,82
13860 DATA 32,87,82,73,84,73,78,71,32,70
13870 DATA 73,76,69,10,13,0,205,201,0,66
13880 DATA 89,84,69,32,87,82,73,84,84,69
13890 DATA 78,10,13,0,205,30,13,175,201,193
13900 DATA 209,205,235,27,205,201,0,45,45,62
13910 DATA 69,82,82,79,82,32,67,82,69,65
13920 DATA 84,73,78,71,32,70,73,76,69,10
13930 DATA 13,0,33,99,240,205,128,8,205,224
13940 DATA 8,55,201,197,213,205,32,28,62,1
13950 DATA 205,217,12,32,11,1,255,255,17,255
13960 DATA 255,205,212,11,24,9,62,4,205,217
13970 DATA 12,62,151,32,13,209,193,205,117,14
13980 DATA 245,205,30,13,241,192,175,201,209,193
13990 DATA 55,201,14,3,62,4,203,39,203,39
14000 DATA 203,39,203,39,6,15,176,71,205,54
14010 DATA 16,201,245,205,104,16,14,0,205,54
14020 DATA 16,241,201,245,205,104,16,14,1,205
14030 DATA 54,16,241,201,245,205,104,16,14,2
14040 DATA 205,54,16,241,201,245,205,104,16,14
14050 DATA 3,205,54,16,241,201,15,229,245,6
14060 DATA 4,205,79,8,225,245,229,62,11,205
14070 DATA 45,8,33,248,31,17,0,128,183,237
14080 DATA 90,193,126,31,203,24,23,119,241,6
14090 DATA 4,205,45,8,225,201,229,6,4,205
14100 DATA 79,8,245,62,11,205,45,8,33,248
14110 DATA 31,17,0,128,183,237,90,126,203,127
14120 DATA 40,4,203,191,24,2,203,255,119,241
14130 DATA 6,4,205,45,8,225,201,50,147,240
14140 DATA 201,58,147,240,238,1,50,147,240,201
14150 DATA 229,197,6,4,205,79,8,193,245,197
14160 DATA 62,11,6,4,205,45,8,193,121,33
14170 DATA 248,31,17,0,128,183,237,90,119,35
14180 DATA 120,119,241,197,6,4,205,45,8,193
14190 DATA 225,121,203,71,194,183,17,195,3,20
14200 DATA 229,6,4,205,79,8,245,62,11,205
14210 DATA 45,8,33,248,31,17,0,128,183,237
14220 DATA 90,126,230,3,79,35,126,71,241,197
14230 DATA 6,4,205,45,8,193,225,121,201,205
14240 DATA 104,16,203,71,194,189,17,195,141,20
14250 DATA 245,209,254,31,220,183,16,40,6,205
14260 DATA 170,16,205,8,17,201,103,205,104,16
14270 DATA 203,71,124,194,85,18,195,39,21,245
14280 DATA 213,205,195,18,209,241,254,8,32,24
14290 DATA 58,142,240,254,0,200,61,50,142,240
14300 DATA 213,241,48,27,62,32,50,146,240,205
14310 DATA 170,16,175,201,254,10,200,254,13,32
14320 DATA 17,205,195,18,205,27,17,50,142,240
14330 DATA 201,205,134,18,122,50,146,240,175,201
14340 DATA 205,60,17,126,254,0,40,8,229,205
14350 DATA 154,16,225,35,24,243,205,94,17,201
14360 DATA 245,229,33,144,240,58,142,240,60,190
14370 DATA 204,27,17,50,142,240,225,241,201,33
14380 DATA 145,240,58,143,240,60,190,204,43,17
14390 DATA 50,143,240,175,201,205,104,16,203,71
14400 DATA 202,42,21,203,79,204,67,19,205,13
14410 DATA 19,201,58,41,240,60,50,41,240,254
14420 DATA 1,192,229,6,4,205,79,8,50,37
14430 DATA 240,58,147,240,31,62,8,48,2,62
14440 DATA 12,205,45,8,225,201,58,41,240,61
14450 DATA 50,41,240,254,0,192,229,6,4,58
14460 DATA 37,240,205,45,8,225,201,205,60,17
14470 DATA 33,0,64,17,0,144,1,0,10,237
14480 DATA 176,205,94,17,201,121,22,40,30,20
14490 DATA 203,79,40,4,22,80,30,40,122,50
14500 DATA 144,240,123,50,145,240,201,175,50,41
14510 DATA 240,50,37,240,62,14,50,140,240,62
14520 DATA 4,50,141,240,205,133,17,175,50,142
14530 DATA 240,50,143,240,201,205,155,17,205,115
14540 DATA 17,58,144,240,103,58,145,240,95,205
14550 DATA 81,28,229,205,60,17,205,104,16,193
14560 DATA 203,79,40,14,33,0,128,62,32,119
14570 DATA 17,1,128,237,176,195,7,18,33,0
14580 DATA 128,17,0,132,195,247,17,205,60,17
14590 DATA 1,32,3,33,0,128,17,0,132,62
14600 DATA 32,119,197,205,28,18,193,18,35,19
14610 DATA 11,120,177,32,240,175,50,142,240,50
14620 DATA 143,240,205,94,17,201,203,32,203,32
14630 DATA 203,32,203,32,176,201,58,141,240,71
14640 DATA 58,140,240,205,18,18,201,245,230,15
14650 DATA 50,140,240,241,203,47,203,47,203,47
14660 DATA 203,47,230,15,50,141,240,201,245,58
14670 DATA 143,240,103,58,144,240,95,205,81,28
14680 DATA 17,0,128,25,22,0,58,142,240,95
14690 DATA 25,241,201,229,245,205,60,17,205,60
14700 DATA 18,241,119,229,205,104,16,203,79,225
14710 DATA 32,8,17,0,4,25,205,28,18,119
14720 DATA 225,205,94,17,201,245,205,60,17,205
14730 DATA 60,18,17,0,4,25,241,119,205,94
14740 DATA 17,201,205,104,16,203,71,32,7,22
14750 DATA 147,58,141,240,95,201,205,60,17,205
14760 DATA 60,18,126,245,205,104,16,254,3,209
14770 DATA 40,10,122,17,0,4,25,87,126,95
14780 DATA 24,2,30,0,98,107,205,94,17,84
14790 DATA 93,201,187,200,123,15,15,15,15,205
14800 DATA 117,18,201,205,104,16,203,71,40,4
14810 DATA 203,79,40,5,58,146,240,24,10,205
14820 DATA 134,18,205,28,18,205,184,18,201,205
14830 DATA 170,16,201,205,134,18,213,205,104,16
14840 DATA 209,203,79,32,19,203,71,40,11,205
14850 DATA 28,18,15,15,15,15,205,184,18,201
14860 DATA 62,147,24,9,122,254,147,200,50,146
14870 DATA 240,62,147,205,170,16,201,205,60,17
14880 DATA 58,144,240,38,0,111,17,0,128,25
14890 DATA 229,213,103,58,145,240,61,95,205,81
14900 DATA 28,68,77,209,225,197,237,176,209,33
14910 DATA 0,128,25,58,144,240,71,62,32,119
14920 DATA 35,16,252,205,94,17,58,145,240,61
14930 DATA 201,205,60,17,33,40,132,17,0,132
14940 DATA 1,248,2,237,176,205,28,18,33,248
14950 DATA 134,6,40,119,35,16,252,205,94,17
14960 DATA 201,58,41,240,60,50,41,240,254,1
14970 DATA 192,229,6,2,205,79,8,50,37,240
14980 DATA 6,3,205,79,8,50,38,240,58,147
14990 DATA 240,31,56,16,62,8,6,2,205,45
15000 DATA 8,62,9,6,3,205,45,8,225,201
15010 DATA 62,12,6,2,205,45,8,62,13,6
15020 DATA 3,205,45,8,225,201,58,41,240,60
15030 DATA 50,41,240,254,1,192,229,6,2,205
15040 DATA 79,8,50,37,240,6,3,205,79,8
15050 DATA 50,38,240,58,147,240,31,56,16,62
15060 DATA 10,6,2,205,45,8,62,11,6,3
15070 DATA 205,45,8,225,201,62,14,6,2,205
15080 DATA 45,8,62,15,6,3,205,45,8,225
15090 DATA 201,58,41,240,254,0,200,61,50,41
15100 DATA 240,254,0,192,229,6,2,58,37,240
15110 DATA 205,45,8,6,3,58,38,240,205,45
15120 DATA 8,225,201,205,155,17,205,141,20,175
15130 DATA 201,245,229,213,183,17,64,1,237,82
15140 DATA 48,15,209,213,235,17,200,0,237,82
15150 DATA 48,5,209,225,241,55,201,209,225,241
15160 DATA 183,201,205,11,20,208,229,245,123,254
15170 DATA 102,56,39,32,22,229,1,128,0,183
15180 DATA 237,66,71,124,183,120,225,32,23,62
15190 DATA 103,17,64,1,183,237,82,214,103,17
15200 DATA 192,0,183,237,90,245,205,162,19,241
15210 DATA 24,5,245,205,97,19,241,17,0,64
15220 DATA 203,60,203,29,25,229,17,160,0,205
15230 DATA 93,28,209,25,193,209,126,203,67,40
15240 DATA 4,230,240,24,10,203,0,203,0,203
15250 DATA 0,203,0,230,15,176,119,205,227,19
15260 DATA 201,205,97,19,33,0,64,17,1,64
15270 DATA 1,255,63,175,119,237,176,205,227,19
15280 DATA 205,162,19,33,0,64,17,1,64,1
15290 DATA 255,60,175,119,237,176,205,227,19,175
15300 DATA 50,142,240,50,143,240,201,197,18,19
15310 DATA 11,103,120,177,124,32,247,45,125,183
15320 DATA 124,193,32,239,201,229,245,123,254,102
15330 DATA 56,37,32,22,229,1,128,0,183,237
15340 DATA 66,71,124,183,120,225,32,21,62,103
15350 DATA 17,64,1,183,237,82,214,103,17,192
15360 DATA 0,25,245,205,162,19,241,24,5,245
15370 DATA 205,97,19,241,17,0,64,203,60,203
15380 DATA 29,25,17,160,0,205,93,28,193,209
15390 DATA 126,203,67,40,4,230,15,24,10,203
15400 DATA 7,203,7,203,7,203,7,230,15,245
15410 DATA 205,227,19,241,201,195,48,22,201,6
15420 DATA 2,58,41,240,60,50,41,240,254,1
15430 DATA 192,229,14,4,33,37,240,197,229,205
15440 DATA 79,8,225,119,35,4,13,32,245,193
15450 DATA 14,4,58,147,240,31,62,8,48,2
15460 DATA 62,12,197,205,45,8,193,60,4,13
15470 DATA 32,246,225,201,6,2,58,41,240,254
15480 DATA 0,200,61,50,41,240,254,0,192,229
15490 DATA 33,37,240,14,4,126,229,197,205,45
15500 DATA 8,193,225,4,35,13,32,243,225,201
15510 DATA 62,80,229,205,93,28,235,225,14,8
15520 DATA 205,179,28,25,17,0,64,25,79,62
15530 DATA 7,145,6,1,183,40,5,203,16,61
15540 DATA 24,249,120,201,245,229,213,183,17,128
15550 DATA 2,237,82,48,15,209,213,235,17,144
15560 DATA 1,237,82,209,225,48,3,241,55,201
15570 DATA 241,175,201,205,168,21,208,245,229,213
15580 DATA 205,43,21,209,225,205,134,21,209,95
15590 DATA 58,141,240,186,40,5,126,179,119,24
15600 DATA 6,123,47,95,126,163,119,205,98,21
15610 DATA 201,205,168,21,208,205,43,21,209,225
15620 DATA 241,205,134,21,95,126,163,254,0,40
15630 DATA 2,62,1,245,205,98,21,241,201,245
15640 DATA 229,213,205,104,16,209,225,241,229,213
15650 DATA 221,33,32,22,221,229,203,73,194,197
15660 DATA 21,195,42,20,209,225,201,213,205,104
15670 DATA 16,209,203,73,194,235,21,195,205,20
15680 DATA 245,30,8,58,142,240,103,205,81,28
15690 DATA 229,30,10,58,143,240,103,205,81,28
15700 DATA 209,235,241,229,213,183,33,0,64,22
15710 DATA 0,95,237,90,14,10,235,26,6,8
15720 DATA 203,39,103,56,5,58,141,240,24,3
15730 DATA 58,140,240,217,209,225,205,7,22,35
15740 DATA 229,213,217,124,16,230,217,209,225,6
15750 DATA 0,14,8,183,237,66,19,229,213,217
15760 DATA 20,13,32,209,209,225,201,103,58,143
15770 DATA 240,245,124,50,143,240,245,205,104,16
15780 DATA 241,203,73,6,78,32,2,6,38,62
15790 DATA 32,197,205,154,16,193,16,247,62,32
15800 DATA 205,170,16,175,50,142,240,241,50,143
15810 DATA 240,201,33,46,240,54,1,219,72,201
15820 DATA 33,46,240,54,0,201,205,211,22,183
15830 DATA 200,50,48,240,205,210,23,201,58,46
15840 DATA 240,183,201,205,248,22,183,200,205,17
15850 DATA 23,201,205,239,22,219,72,205,244,22
15860 DATA 205,244,22,205,188,22,175,50,48,240
15870 DATA 201,62,2,211,72,201,175,211,72,201
15880 DATA 243,62,2,211,72,219,72,79,175,211
15890 DATA 72,211,72,211,72,121,251,6,30,16
15900 DATA 254,205,188,22,201,254,225,200,254,240
15910 DATA 200,254,224,200,254,170,200,79,58,48
15920 DATA 240,254,225,40,35,254,240,40,89,254
15930 DATA 224,40,33,121,254,18,204,174,23,254
15940 DATA 89,204,174,23,254,20,204,183,23,254
15950 DATA 17,204,192,23,254,88,204,201,23,201
15960 DATA 121,254,240,200,175,201,121,254,107,200
15970 DATA 254,114,200,254,116,200,254,117,200,254
15980 DATA 112,200,254,108,200,254,125,200,254,122
15990 DATA 200,254,105,200,254,113,200,254,102,200
16000 DATA 254,90,200,254,17,200,254,20,200,254
16010 DATA 74,200,254,240,32,0,175,201,121,254
16020 DATA 18,204,156,23,254,20,204,162,23,254
16030 DATA 17,204,168,23,254,89,204,156,23,50
16040 DATA 48,240,175,201,33,47,240,203,182,201
16050 DATA 33,47,240,203,190,201,33,47,240,203
16060 DATA 174,201,33,47,240,62,64,174,119,175
16070 DATA 201,33,47,240,62,128,174,119,175,201
16080 DATA 33,47,240,62,32,174,119,175,201,33
16090 DATA 47,240,62,16,174,119,175,201,254,170
16100 DATA 56,2,175,201,33,14,24,87,205,8
16110 DATA 24,71,254,97,56,4,254,123,56,9
16120 DATA 58,47,240,203,119,120,200,24,15,58
16130 DATA 47,240,79,203,31,203,31,169,203,103
16140 DATA 32,2,120,201,122,33,184,24,205,8
16150 DATA 24,201,6,0,79,9,126,201,0,0
16160 DATA 0,165,0,0,0,0,0,0,168,166
16170 DATA 0,0,96,0,0,0,0,0,0,113
16180 DATA 49,0,0,0,122,115,97,119,50,0
16190 DATA 0,99,120,100,101,52,51,0,0,32
16200 DATA 118,102,116,114,53,0,0,110,98,104
16210 DATA 103,121,54,0,0,44,109,106,117,55
16220 DATA 56,0,0,44,107,105,111,48,57,0
16230 DATA 0,46,47,108,59,112,45,0,0,0
16240 DATA 39,0,91,61,0,0,0,0,13,93
16250 DATA 0,92,0,0,0,0,0,0,0,0
16260 DATA 6,0,0,8,0,4,9,0,0,0
16270 DATA 1,7,10,0,3,11,27,0,0,0
16280 DATA 43,45,42,57,0,0,0,0,0,167
16290 DATA 0,0,0,0,0,0,0,0,0,0
16300 DATA 0,0,0,0,0,0,0,0,0,0
16310 DATA 0,0,0,0,0,0,0,0,0,0
16320 DATA 0,0,0,0,0,0,0,0,0,0
16330 DATA 0,165,0,0,0,0,0,0,168,166
16340 DATA 0,0,126,0,0,0,0,0,0,81
16350 DATA 33,0,0,0,90,83,65,87,64,0
16360 DATA 0,67,88,68,69,36,35,0,0,32
16370 DATA 86,70,84,82,37,0,0,78,66,72
16380 DATA 71,89,94,0,0,34,77,74,85,38
16390 DATA 42,0,0,60,75,73,79,41,40,0
16400 DATA 0,62,63,76,58,80,95,0,0,0
16410 DATA 34,0,123,43,0,0,0,0,13,125
16420 DATA 0,124,0,0,0,0,0,0,0,0
16430 DATA 6,0,0,8,0,4,9,0,0,0
16440 DATA 1,7,10,0,3,11,27,0,0,0
16450 DATA 43,45,42,57,0,0,0,0,0,167
16460 DATA 0,0,0,0,0,0,0,0,0,0
16470 DATA 0,0,0,0,0,0,0,0,0,0
16480 DATA 0,0,0,0,0,0,0,0,0,0
16490 DATA 0,0,0,0,0,0,0,0,0,0
16500 DATA 0,0,0,0,0,0,0,0,0,0
16510 DATA 0,0,0,0,0,0,0,0,195,158
16520 DATA 25,0,20,19,18,18,17,16,16,13
16530 DATA 13,11,11,11,8,6,6,3,3,1
16540 DATA 0,0,219,128,33,121,25,95,22,0
16550 DATA 25,126,95,33,98,25,25,233,16,253
16560 DATA 201,197,6,190,205,142,25,193,16,247
16570 DATA 201,197,6,250,205,161,25,6,250,205
16580 DATA 161,25,6,250,205,161,25,6,250,205
16590 DATA 161,25,193,16,232,201,245,213,205,249
16600 DATA 25,209,205,31,26,241,201,183,71,230
16610 DATA 240,15,79,15,15,129,79,120,230,15
16620 DATA 129,201,38,255,36,214,100,48,251,198
16630 DATA 100,46,255,44,214,10,48,251,198,10
16640 DATA 79,125,7,7,7,7,177,111,201,1
16650 DATA 0,16,17,0,0,41,123,143,39,95
16660 DATA 122,143,39,87,121,143,39,79,16,241
16670 DATA 235,201,183,71,230,240,15,79,15,15
16680 DATA 129,79,120,230,15,129,201,121,205,76
16690 DATA 26,121,205,80,26,124,205,76,26,124
16700 DATA 205,80,26,125,205,76,26,125,24,26
16710 DATA 31,31,31,31,230,15,198,144,39,206
16720 DATA 64,39,18,19,201,125,205,54,26,125
16730 DATA 24,238,31,31,31,31,230,15,198,144
16740 DATA 39,206,64,39,18,19,201,38,0,111
16750 DATA 30,0,22,0,1,0,0,221,33,0
16760 DATA 0,34,150,240,237,83,152,240,237,67
16770 DATA 154,240,221,34,156,240,33,158,240,17
16780 DATA 159,240,54,32,1,18,0,237,176,237
16790 DATA 67,177,240,30,1,33,158,240,1,9
16800 DATA 9,175,5,40,41,43,182,40,249,13
16810 DATA 23,48,252,31,87,229,197,33,177,240
16820 DATA 67,203,18,126,143,39,119,43,16,249
16830 DATA 48,3,28,54,1,13,32,235,193,14
16840 DATA 8,225,43,86,16,225,33,178,240,75
16850 DATA 183,237,66,84,93,237,66,235,65,203
16860 DATA 33,62,48,237,111,254,48,32,6,13
16870 DATA 19,24,4,237,111,18,19,237,111,18
16880 DATA 19,35,16,245,237,66,201,235,33,158
16890 DATA 240,205,242,26,237,176,235,201,126,254
16900 DATA 32,192,35,24,249,6,8,111,203,21
16910 DATA 31,16,251,201,229,126,254,0,40,14
16920 DATA 254,48,56,6,254,58,56,9,254,57
16930 DATA 246,1,225,201,191,225,201,35,24,231
16940 DATA 229,126,254,0,40,20,254,48,56,12
16950 DATA 254,58,56,15,254,48,56,4,254,71
16960 DATA 56,7,246,1,225,201,191,225,201,35
16970 DATA 24,225,175,205,66,27,122,201,87,126
16980 DATA 35,214,58,198,10,208,95,122,135,135
16990 DATA 130,135,131,24,239,126,205,100,27,135
17000 DATA 135,135,135,87,35,126,205,100,27,178
17010 DATA 35,201,214,48,254,10,216,214,7,201
17020 DATA 205,83,27,71,205,83,27,79,201,126
17030 DATA 35,214,48,203,39,203,39,203,39,203
17040 DATA 39,71,126,35,214,48,176,201,79,205
17050 DATA 149,27,119,35,121,205,153,27,119,35
17060 DATA 201,31,31,31,31,246,240,39,198,160
17070 DATA 206,64,201,34,179,240,201,175,50,181
17080 DATA 240,50,179,240,50,180,240,201,58,179
17090 DATA 240,71,58,180,240,128,183,201,245,237
17100 DATA 91,179,240,235,58,181,240,79,6,0
17110 DATA 9,235,241,201,58,181,240,60,50,181
17120 DATA 240,201,205,186,27,205,202,27,126,18
17130 DATA 35,19,183,200,24,245,205,186,27,18
17140 DATA 205,202,27,19,175,18,201,38,0,111
17150 DATA 245,17,183,240,205,69,26,62,104,18
17160 DATA 19,175,18,33,183,240,205,128,8,205
17170 DATA 224,8,241,201,229,14,0,126,35,12
17180 DATA 254,0,32,249,13,225,121,184,200,120
17190 DATA 145,216,71,62,48,43,119,16,252,201
17200 DATA 17,99,240,126,18,254,0,200,19,35
17210 DATA 24,247,22,0,106,6,8,41,210,54
17220 DATA 28,25,16,249,201,33,0,0,87,89
17230 DATA 25,21,32,252,201,175,6,16,41,203
17240 DATA 23,187,56,2,147,44,16,246,201,22
17250 DATA 0,106,6,8,41,48,1,25,16,250
17260 DATA 201,46,0,6,8,41,135,48,1,25
17270 DATA 16,249,201,33,0,0,120,6,16,41
17280 DATA 203,33,23,48,1,25,16,247,201,213
17290 DATA 121,72,33,0,0,6,16,41,23,203
17300 DATA 17,48,7,25,206,0,210,142,28,12
17310 DATA 16,241,65,79,209,201,175,6,8,203
17320 DATA 19,23,145,48,1,129,16,247,71,123
17330 DATA 23,47,201,175,6,8,203,34,23,187
17340 DATA 56,2,147,20,16,246,201,175,6,16
17350 DATA 41,23,56,3,185,56,2,145,44,16
17360 DATA 245,201,33,0,0,120,6,8,23,237
17370 DATA 106,237,82,48,1,25,16,246,23,47
17380 DATA 71,121,72,6,8,23,237,106,237,82
17390 DATA 48,1,25,16,246,23,47,65,79,201
17400 DATA 25,217,237,90,217,201,17,64,0,125
17410 DATA 108,98,183,6,8,237,82,48,1,25
17420 DATA 63,203,18,135,237,106,135,237,106,16
17430 DATA 240,201,58,182,240,71,15,15,15,238
